0 0
1 84
2 85
3 86
4 88
5 90
6 92
7 94
8 96
9 98
10 100
11 101
12 103
13 104
14 105
15 107
16 87
17 108
18 89
19 109
20 91
21 110
22 93
23 111
24 95
25 112
26 97
27 113
28 99
29 114
30 136
31 108
32 115
33 109
34 116
35 110
36 117
37 111
38 119
39 112
40 120
41 113
42 121
43 114
44 122
45 143
46 123
47 125
48 124
49 126
50 127
51 150
52 152
53 153
54 155
55 129
56 128
57 157
58 159
59 165
60 106
61 130
62 132
63 133
64 134
65 135
66 137
67 138
68 140
69 141
70 142
71 144
72 145
73 146
74 148
75 149
76 151
77 154
78 156
79 158
80 160
81 161
82 163
83 165
84 85
85 86
86 87
87 88
88 89
89 90
90 91
91 92
92 93
93 94
94 95
95 96
96 97
97 98
98 99
99 131
100 101
101 102
102 103
102 130
103 104
104 105
105 103
106 107
108 109
109 110
110 111
111 112
112 113
113 114
114 139
115 116
116 117
117 118
118 119
118 123
119 120
120 121
121 122
122 147
123 124
124 125
125 126
126 127
127 128
128 129
130 131
131 132
132 133
133 134
134 135
135 136
136 137
137 138
138 139
139 140
140 141
141 142
142 143
143 144
144 145
145 146
146 147
147 148
148 149
149 150
150 151
151 152
152 153
153 154
154 155
155 156
156 157
157 158
158 159
159 160
160 162
161 162
162 163
163 164
164 165